Using pipeline: filesrc location=/home/nvidia/Downloads/pong_video.mp4 ! qtdemux name=demux ! h264parse ! omxh264dec ! videoconvert ! video/x-raw, format=(string)BGR ! appsink
670,359
608,516
541,604
532,594
522,582
521,575
523,566
532,555
536,544
545,539
555,527
563,512
570,510
578,501
585,486
597,479
604,467
609,464
616,456
624,447
632,438
642,427
651,415
655,411
665,400
675,389
678,385
688,373
698,361
701,357
717,339
721,335
728,327
740,313
744,309
751,299
763,286
767,281
776,266
782,266
794,250
798,246
808,235
818,222
820,218
821,205
816,196
812,193
802,181
793,169
785,160
773,148
770,144
762,135
750,120
747,115
739,100
727,93
722,92
728,94
724,92
709,627
703,627
696,627
688,627
684,627
709,624
667,627
661,627
653,627
645,627
639,627
632,627
626,627
620,627
646,627
640,627
632,627
626,627
616,627
573,627
564,627
557,627
553,627
580,627
537,627
531,627
557,627
553,627
553,627
535,627
530,627
530,627
530,627
530,627
530,627
530,627
673,348
668,337
664,327
662,316
657,311
652,303
650,295
645,284
640,274
638,269
632,255
628,247
624,235
627,231
618,222
613,211
610,203
605,194
602,184
598,175
590,154
582,141
581,136
580,133
575,121
573,115
570,109
563,94
561,92
563,92
560,91
572,115
575,121
577,125
584,143
586,149
588,153
593,164
598,175
600,179
604,182
609,202
613,211
617,219
621,229
625,237
629,247
633,249
636,265
640,273
646,286
648,291
651,293
659,306
660,318
665,329
669,339
671,344
676,355
682,360
684,377
689,385
692,393
696,402
700,411
703,420
707,430
709,434
715,447
719,452
724,466
729,478
728,480
731,488
743,511
746,517
747,521
753,533
757,545
762,553
766,562
769,570
773,580
777,589
783,592
785,607
789,614
777,607
770,599
761,589
754,580
740,564
735,559
731,556
727,549
718,540
708,527
700,517
696,514
686,502
677,491
673,487
664,476
653,464
649,460
642,445
634,443
622,430
615,421
607,411
599,403
588,390
584,386
576,377
565,362
561,358
555,343
544,338
534,327
531,323
523,312
521,300
525,289
534,285
544,273
548,271
563,251
567,247
575,237
586,224
590,220
598,211
609,198
613,194
621,184
632,171
640,162
644,157
654,147
664,135
668,131
677,119
687,107
691,102
700,94
695,98
682,624
699,94
700,94
690,102
687,106
678,119
667,131
664,135
654,146
644,157
640,161
629,175
621,184
611,187
609,198
598,211
590,220
586,224
575,237
567,247
563,251
547,269
544,273
535,276
526,289
522,299
525,314
534,323
538,327
548,338
554,343
565,358
569,362
580,377
588,385
596,394
603,402
611,411
615,415
626,430
634,439
644,449
653,461
657,464
667,476
677,487
680,491
690,503
700,513
701,516
713,528
723,542
734,553
742,562
750,571
757,580
765,589
769,594
781,607
789,616
799,624
769,627
808,627
781,627
792,627
794,627
821,627
783,627
813,627
773,627
764,627
758,627
752,627
744,627
738,627
731,627
723,627
717,627
707,627
700,627
696,627
688,627
681,627
675,627
667,627
661,627
656,627
680,624
640,627
634,627
626,627
654,627
647,627
607,627
634,627
626,627
675,362
673,367
677,355
673,367
668,378
663,389
661,394
656,404
651,415
649,420
644,432
640,443
636,452
632,460
628,469
624,478
620,487
617,496
613,505
609,514
605,522
601,531
596,543
594,548
590,559
582,574
578,585
574,596
570,604
566,613
545,609
541,604
534,596
522,582
521,574
523,566
532,554
537,544
551,532
555,527
565,512
570,510
578,501
586,492
597,478
601,473
609,465
616,456
628,443
632,439
644,418
651,415
655,411
663,402
674,389
678,385
688,373
698,361
705,352
717,339
721,335
728,326
740,313
744,308
751,299
763,285
767,281
776,266
782,267
790,254
797,246
807,234
818,222
820,218
821,205
816,196
812,192
796,174
792,169
783,154
773,148
770,144
762,134
754,125
747,115
739,100
727,93
731,100
729,91
724,94
730,99
732,110
737,121
741,129
744,139
748,148
752,156
756,165
761,168
765,186
769,197
771,201
776,212
780,217
782,228
788,238
792,250
793,255
800,268
803,276
808,287
812,294
815,302
819,310
820,316
821,333
819,335
820,341
808,368
810,365
804,372
803,378
800,390
792,398
787,417
787,417
779,426
775,445
768,461
768,452
765,468
760,479
761,479
750,502
745,515
749,505
742,522
734,540
732,544
728,554
720,562
721,570
716,573
711,595
709,599
706,608
704,616
690,607
686,603
684,592
679,580
677,576
671,563
667,554
665,550
659,536
655,527
651,518
647,509
644,500
640,492
636,483
632,474
628,464
625,455
619,443
617,438
613,430
609,421
605,411
601,401
596,390
594,385
589,374
584,362
581,353
579,348
574,338
570,321
566,318
561,311
558,300
552,286
550,283
546,273
540,258
537,251
535,247
530,229
532,240
524,221
521,211
520,204
523,198
526,191
530,168
535,168
540,157
544,148
548,139
552,131
555,121
560,111
563,103
565,101
567,94
566,92
572,627
576,627
613,627
583,627
587,627
591,625
591,625
622,627
576,627
573,627
568,627
564,627
590,627
547,627
547,627
570,627
528,627
528,627
528,627
543,627
543,627
526,627
526,627
526,627
526,627
526,627
526,627
526,627
526,627
526,627
526,627
526,627
526,627
526,627
679,353
680,348
685,337
690,326
691,316
697,311
701,299
703,294
708,284
713,273
717,264
721,255
725,246
729,237
733,228
736,219
740,211
744,202
748,193
752,184
757,172
762,161
764,156
768,145
773,135
775,130
780,118
785,106
787,101
791,93
789,98
793,627
797,627
800,627
804,627
808,627
813,627
816,627
816,627
811,627
811,627
800,627
791,627
819,627
813,627
771,627
800,627
758,627
750,627
777,624
735,626
727,627
723,627
715,627
708,627
702,627
694,627
688,627
682,627
675,627
667,627
661,627
653,627
681,627
641,627
634,627
661,627
618,627
679,353
680,348
684,340
688,331
692,322
696,313
699,304
704,295
707,286
711,277
717,264
719,260
724,248
729,237
730,232
735,221
740,210
742,206
747,195
752,184
756,174
760,165
764,156
767,148
771,139
775,131
779,120
783,112
783,111
789,93
793,90
789,93
795,627
800,627
800,627
807,627
813,627
813,627
816,627
816,627
808,627
802,627
794,627
789,627
783,627
773,627
802,627
795,627
754,627
744,627
775,627
734,627
725,627
719,627
713,627
706,627
700,627
692,627
684,627
709,624
669,627
661,627
658,627
649,627
679,627
636,627
628,627
622,627
616,627
679,350
684,339
686,335
691,324
696,313
698,308
702,297
707,286
709,281
715,269
719,261
722,250
727,242
731,232
733,217
737,213
741,208
746,191
750,188
756,174
758,170
763,158
767,148
769,143
774,132
777,121
781,115
786,103
791,93
788,98
794,93
787,95
777,106
774,110
761,123
754,134
751,139
738,151
731,161
727,165
716,179
707,188
700,197
692,207
685,215
677,224
673,228
662,241
654,251
650,255
636,267
631,278
621,288
611,299
608,304
598,315
589,321
584,331
575,342
565,353
557,362
554,368
542,381
534,390
531,394
521,407
522,417
525,421
536,434
544,443
553,446
563,464
567,469
577,481
585,486
590,496
600,507
608,512
612,522
620,531
632,545
639,555
643,558
657,565
663,582
667,584
672,592
686,610
707,606
710,603
715,594
716,587
720,581
724,571
729,562
732,554
738,534
742,531
744,527
749,514
754,503
755,500
759,491
765,477
767,473
772,461
776,450
779,445
784,433
788,424
791,415
795,408
799,397
803,388
807,380
812,371
815,361
819,349
822,338
820,347
819,323
816,312
813,308
809,298
804,285
801,281
800,266
793,261
788,250
785,241
781,232
776,217
773,214
769,207
763,191
762,190
756,174
754,170
749,159
744,148
742,144
738,133
735,123
732,115
726,104
720,93
722,90
720,94
704,627
700,627
696,627
692,627
688,627
684,627
681,627
711,627
674,627
667,627
661,627
653,627
645,627
642,627
634,627
624,627
618,627
614,627
640,627
597,627
622,627
619,627
611,627
563,627
598,627
590,625
553,627
578,627
570,627
531,627
557,627
551,627
551,627
537,627
532,627
532,627
532,627
675,352
671,344
668,335
663,320
660,317
656,309
651,293
648,291
644,282
641,267
635,263
630,251
629,247
624,235
619,224
617,219
608,204
607,195
606,187
602,184
597,174
594,164
591,157
586,148
583,140
579,131
578,127
571,111
566,103
565,101
561,101
562,92
559,92
561,110
560,110
562,127
561,139
561,137
562,154
561,165
560,163
561,186
559,186
562,202
561,213
561,222
562,228
561,239
561,249
561,256
562,267
561,277
561,284
562,293
562,304
561,311
560,312
561,331
562,338
561,348
561,360
561,368
561,379
561,394
561,405
561,413
561,420
561,432
561,443
561,449
561,456
561,467
561,476
561,485
561,496
561,503
561,511
561,522
561,532
561,543
561,552
561,559
561,570
561,578
560,586
561,598
561,607
556,618
545,609
541,605
532,594
522,582
521,574
523,566
532,554
536,544
551,532
555,530
